0154007861
0432380165
0422687726
0350576998
0246606808
0364770600
0780655988
0462633379
0989674535
0616762745
0606814284
0483255150
0951090928
0462779772
0675750099
0666999521
0650874493
0058092261
0109503922
0420598153
0434709606
0993191656
0627899822
0056757592
0416488336
0856986956
0913958442
0191038981
0082596324
0207873219
0405146046
0523669335
0708184107
0753717974
0492763965
0957243442
0230268682
0324329641
0368726973
0159662838
0717745550
0077190931
0125629813
0196139369
0996537439
0219374800
0120601484
0878754991
0663844391
0256368678
0575253376
0453123008
0261014810
0463421871
0818861423
0690429140
0971934053
0975156680
0122335695
0028420704
